1

629
936 931
739 4140
584 1036
324 7341
110 4374
878 7609
604 698
290 8513
669 537
608 8289
574 6585
374 4316
448 1727
142 1969
631 3917
848 7123
262 7566
953 7938
279 5197
571 6276
885 9388
437 2800
664 840
728 6078
367 4332
269 5335
2 8292
18 6994
962 5450
718 5512
986 945
862 6917
855 6599
796 9815
442 6485
872 7718
869 2678
517 8660
737 4532
216 1244
930 5455
746 8836
829 8932
733 116
979 1143
439 6450
367 964
562 3300
114 8221
705 5709
426 5556
233 6928
939 294
178 8102
697 6675
482 2745
580 8627
910 8579
694 3760
902 4642
443 7024
987 3340
992 809
381 1901
609 6105
12 6437
364 7387
32 2597
698 5302
329 1561
305 2746
372 3162
740 5884
644 5281
274 6786
809 897
589 3717
525 8148
48 3580
36 6258
694 4008
746 4048
996 6058
711 8130
690 45
790 2391
904 3995
230 4162
794 3644
429 5873
122 8420
136 589
736 3710
289 3012
269 5135
143 3324
723 8315
372 6888
369 6718
762 8434
177 1059
53 9552
65 5432
75 1282
507 2210
629 5855
796 2980
689 9116
480 1531
666 329
4 4100
414 2160
399 3727
796 3137
923 6768
826 3558
461 5099
882 9230
863 5877
438 5957
163 6721
700 5067
534 7310
841 2740
420 9013
113 1858
369 9424
502 5526
663 5767
886 6297
206 6585
35 3063
292 2018
246 4916
224 5507
227 8684
750 1739
48 8279
370 635
648 4240
449 6790
565 9112
989 2817
936 2066
714 6003
587 3821
236 7272
289 6973
241 5527
385 3535
218 1816
554 5964
594 2319
953 8954
545 7963
104 8952
415 1994
162 3668
85 5404
406 6097
270 3151
422 345
669 9505
383 6062
596 1909
77 5120
83 8165
835 9982
935 1676
990 9788
91 4832
825 7094
113 9506
909 4338
787 5550
700 2666
10 9408
912 5473
534 6679
939 6646
765 1130
646 5015
997 9199
874 2481
620 283
114 6864
309 3710
215 1938
628 7421
322 4475
141 9414
821 8021
493 6502
180 4084
81 1379
508 8119
485 8846
396 4505
985 4481
764 5270
485 5604
666 9877
167 5145
917 5232
59 794
559 8239
611 3199
700 5379
462 2456
834 9232
702 6542
739 2693
197 3186
667 2487
756 534
489 8782
10 2592
88 8154
386 9528
673 3004
242 5796
994 3231
609 3853
308 5045
628 4422
316 6493
185 4329
515 5406
892 6381
914 1533
666 1999
942 9403
908 1675
203 5029
33 3645
440 7875
106 5626
830 4785
830 6066
840 8489
981 6809
138 507
264 4165
546 5004
888 156
506 3811
565 9553
579 9448
828 3473
117 8781
8 5212
838 6557
341 465
530 3019
508 7522
331 9721
579 6488
5 1820
823 8843
998 3902
712 6062
966 3855
654 7277
101 9544
325 482
45 4217
125 1332
148 2882
901 8466
987 1029
750 3760
247 6669
488 7328
170 7251
504 1662
723 1519
726 5216
844 9688
584 1379
212 5944
512 3908
591 257
490 3637
454 9738
766 1742
501 792
461 7867
547 2100
702 2300
962 4068
587 3206
773 8036
76 3664
394 3616
911 9659
918 9606
214 2422
410 7860
949 2055
149 863
655 1066
933 5649
100 5467
766 479
546 9802
359 8079
467 6484
499 4131
98 2894
904 7893
850 8
781 8821
680 6415
469 7543
757 628
45 8617
618 2763
229 6977
807 4717
870 2347
777 4705
188 228
710 5595
488 4039
931 4807
166 7391
563 5780
194 6299
193 9242
221 7014
631 4949
712 4266
594 2600
316 2292
990 1401
105 4538
765 7767
361 3644
34 1827
985 8201
591 5964
95 503
153 8154
747 6640
654 3345
645 6320
937 5636
235 2356
1000 4530
282 5550
87 1989
107 4738
734 1204
382 9468
20 8767
83 2366
220 9610
115 9177
817 2372
716 4214
533 9470
457 6713
68 3821
702 9691
592 6419
408 6984
73 8031
586 866
333 9158
925 4967
684 704
314 9007
183 2904
275 780
993 351
172 7343
55 1877
697 7628
318 9474
245 399
734 5262
292 652
869 8158
316 8877
843 8202
257 1592
598 3878
781 5570
702 5132
835 8408
750 7694
923 8006
986 6156
981 1619
369 5655
916 4225
228 8454
964 4207
435 9097
650 6631
222 9629
507 8906
828 5171
654 6639
46 3529
574 8488
846 7147
654 3496
467 4831
485 1635
211 6187
993 1401
959 3439
887 3956
586 1394
22 2536
793 5159
329 4528
167 4972
500 6982
470 2564
711 2426
273 8315
497 9364
350 91
630 9981
381 9561
351 3622
929 9692
85 8237
124 866
24 2106
986 4916
888 2704
685 504
67 4739
516 1506
172 9129
845 5789
879 5668
1 2194
754 8508
481 9733
424 1104
692 2409
626 508
966 2815
83 2001
704 8303
158 322
60 741
246 4576
705 4928
716 4770
789 4901
94 2946
806 8789
522 5200
303 2638
399 4297
157 1995
161 1024
25 6474
776 5243
564 4080
820 6285
860 6976
903 3418
187 916
816 8970
267 1327
116 9262
461 2424
62 4989
637 7115
461 6460
835 6793
266 6622
864 3211
291 4393
677 3780
107 2110
879 7889
804 5361
330 65
744 972
233 8948
372 4211
551 4693
807 6433
244 1187
332 7268
241 3078
289 7597
342 8456
235 3579
40 5370
258 5693
53 3919
335 8414
385 5382
330 4430
640 5969
661 2053
485 4190
377 8819
438 4080
157 9708
656 2678
134 9797
375 8349
719 9720
413 1767
37 6976
389 6465
199 8723
153 1125
93 8880
932 1792
982 4105
276 5768
847 7710
769 8065
743 3355
152 3776
125 8228
947 2878
644 5843
818 9711
176 6680
403 4559
35 726
605 8555
698 5480
936 6888
655 9031
740 1563
628 8853
207 6860
636 370
949 5358
236 2760
602 2895
958 9231
911 7771
681 5133
210 7665
571 7068
547 1814
53 5620
651 4834
397 7707
911 1390
250 6024
393 5117
827 5237
996 1341
587 5062
292 2949
71 9544
28 6554
570 2104
171 3237
402 9492
112 8069
902 6454
512 9762
503 9298
321 3422
891 2104
340 8065
757 1717
130 1687
987 6344
239 7421
327 4410
513 9619
855 7248
740 5683
751 609
414 8203
316 3004
302 3926
699 1818
274 7622
687 4941
657 3965
4 1443
138 9786
559 2990
751 2729
347 237
484 263
297 1553
161 4223
777 2399
403 1927
204 3092
910 7704
677 5902
195 1535
499 3715
510 203
341 7502
844 5647
727 9899
487 594
857 7073
626 3970
545 9505
904 7138
64 3321
413 3658
713 1267
521 7674
208 9389
104 715
917 1058
560 4613
611 3609
507 5403
348 1338
762 9993
315 3204
61 3387
877 4859
531 964
973 5940
559 7295
