50
3
0 0 0
0 0 0
0 0 0
3
0 0 0
1 1 1
2 2 2
4
1 0 0
0 1 0
0 0 1
1 1 1
1
0 0 0
2
0 0 0
0 0 0
2
0 0 0
1 1 1
3
0 0 0
0 0 0
0 0 0
3
0 0 0
0 0 0
1 1 1
3
0 0 0
2 2 2
1 1 1
3
1 0 0
0 1 0
0 0 1
5
0 0 0
0 0 0
1 0 0
0 1 0
0 0 1
50
49 -32 79
-78 -16 348
-84 72 -250
0 -4 30
38 67 -581
-7 16 -89
7 -95 646
54 20 -300
82 -2 -230
7 -1 -12
-13 -30 251
85 -88 363
72 95 -879
70 -50 142
-59 -81 746
-40 46 -200
-89 -45 584
-42 13 37
71 -57 188
61 64 -629
-58 -83 757
11 5 -66
73 87 -826
-73 9 158
4 -42 284
-38 -8 172
-62 -73 699
-50 8 96
-86 1 253
63 89 -810
38 -43 189
-48 -98 832
24 -19 63
-2 8 -48
-54 68 -312
-31 24 -73
-71 16 103
-69 -51 566
86 -57 143
64 55 -575
23 65 -522
24 -50 280
23 -80 493
89 -75 260
9 23 -186
98 -93 359
48 19 -275
-44 67 -335
23 -82 507
-47 17 24
50
-21 80 182
86 -48 -481
26 -57 -190
69 91 -257
91 20 -438
1 49 41
22 -74 -187
89 -59 -507
-60 -15 282
43 -90 -308
18 -27 -120
-10 -38 9
-9 -96 -54
-76 -30 347
-83 47 459
-23 -22 90
-42 -99 108
89 -11 -459
47 50 -188
81 -25 -433
-99 8 500
83 -34 -452
65 -61 -389
62 100 -213
81 -91 -499
45 -66 -294
63 -69 -387
19 41 -57
23 -51 -169
-93 -95 367
80 92 -311
-20 -77 20
48 10 -233
81 94 -314
93 86 -382
21 -40 -148
62 -83 -396
-50 -40 207
96 -9 -492
-7 -59 -27
-4 84 101
-78 -78 309
99 65 -433
65 -8 -336
0 97 94
13 0 -68
-18 20 107
-98 39 526
26 92 -41
26 -33 -166
50
-678 453 843
51 -659 682
807 361 441
-100 190 -21
-681 -179 -240
9 291 -842
866 -989 298
331 519 335
-57 -707 561
790 363 -233
-44 490 -331
-931 -647 444
388 -7 756
351 347 -782
150 445 -705
-102 -630 623
407 218 274
889 -793 873
-78 -8 -719
-974 159 477
-371 -218 -492
807 656 -249
-752 405 -666
-190 -42 29
-19 -667 619
42 -8 -48
61 88 29
-48 70 120
-1 61 64
43 15 -26
-9 -99 -88
-90 42 134
-62 -22 42
24 -84 -106
-97 -62 37
-64 -14 52
-78 87 167
21 -68 -87
48 44 -2
57 -12 -67
-60 18 80
83 17 -64
-82 62 146
-27 100 129
-27 71 100
-18 -83 -63
3 92 91
-49 -6 45
63 76 15
53 -64 -115
50
626 125 280
707 308 249
-38 -334 423
961 453 -982
590 -971 489
-25 938 130
114 -184 574
649 -422 174
993 -365 725
559 -885 -426
-105 149 -367
-194 -244 -749
-600 -195 612
887 -282 -231
-952 -963 -292
-66 700 -121
-969 604 -188
925 -132 243
-221 952 -769
415 -684 728
906 -799 42
-688 -65 690
506 -287 -121
-110 -237 -857
-201 -113 81
543 -971 -742
936 -648 601
-978 872 -865
0 903 698
-721 0 -853
764 825 128
-901 394 54
-78 123 858
-173 577 193
-671 -906 294
-171 89 413
-578 -885 602
793 295 -948
90 430 726
-169 -265 -182
-846 -304 747
866 -908 775
-723 678 89
667 -431 972
241 -11 -7
165 -2 815
809 -838 -286
-387 -140 176
187 -345 -957
-640 12 -424
50
-337 974 -435
231 878 761
-837 -53 651
-547 -480 438
-673 88 -996
247 -508 -776
981 -546 509
-660 -679 205
530 -631 -933
423 -688 734
385 -64 -803
653 -835 -482
-116 103 -610
332 -586 -360
241 692 -55
389 -140 582
-271 690 816
918 -734 -34
-861 -866 48
-883 118 641
-97 590 -211
-785 891 -46
-375 210 -768
506 -94 14
289 -325 463
-385 259 -140
-846 62 -308
-970 -43 -432
-809 7 -321
-11 -490 -317
-27 -920 -139
-524 -50 -166
-664 -251 664
84 203 -534
-936 -581 -743
-475 -288 -636
-286 543 -930
871 -800 698
-763 83 597
-106 -524 352
779 162 160
-485 -911 994
-752 -714 710
-803 997 283
-595 783 -646
-101 587 202
834 -687 653
-391 -861 -190
478 459 505
43 -887 75
50
746 -441 -343
-548 -76 965
347 653 -900
-551 611 -840
909 -482 -262
499 -943 -93
416 -555 -114
539 290 -767
-255 671 532
-847 -607 -996
745 -391 -697
550 141 -108
-562 -339 -544
-2 844 -754
-759 -457 -537
-749 -200 -606
675 -219 -89
565 913 528
-611 240 639
437 -636 -142
-782 -954 -121
-201 -262 829
737 563 392
-247 702 -959
138 -335 896
-463 -652 854
738 -990 -898
128 1000 -547
600 -887 635
548 -530 359
1000 -532 -984
-210 -766 -136
848 -479 -152
-746 964 -281
417 -33 -137
116 773 -213
348 -256 -452
218 569 806
-338 751 -183
636 -306 -595
-684 862 330
692 706 903
756 -353 325
-463 -764 95
177 -474 -222
-863 538 -845
110 -535 453
-498 -180 -682
-668 -488 -193
192 -963 -674
50
-18 409 222
-681 784 -539
393 -932 457
371 -286 -169
552 -158 641
-498 -214 382
-770 551 636
-736 -403 953
922 694 -869
971 708 98
646 931 113
314 -251 -329
-183 754 797
443 203 418
612 766 -72
-155 670 -63
-556 580 -5
-299 -657 -698
-961 -763 636
989 396 -279
-987 -953 -878
-460 -943 636
-465 894 -781
-171 -179 -416
-552 -832 -870
-424 -343 665
791 417 132
527 801 -587
583 941 -639
-147 239 -172
214 -490 328
700 119 667
-18 -964 852
-680 -759 -120
247 -145 -93
-140 -374 940
-72 357 -374
-125 -824 90
-24 17 481
-483 110 673
-975 86 61
284 -640 794
-592 -464 -202
-499 182 -178
-453 -901 -435
309 180 497
675 -359 -365
-573 168 376
-385 665 -839
848 666 997
50
72 940 -725
681 282 -221
-352 -700 723
-397 -604 309
-204 827 -16
159 942 45
-683 -207 310
345 -735 -558
-572 -371 -843
-102 -235 68
332 -473 -827
238 675 916
333 727 -154
748 -527 307
-423 785 342
199 169 -899
310 -956 336
-841 -482 -536
841 307 477
-785 -660 -275
-68 -150 -392
920 -978 448
-832 -640 -218
638 -413 -299
-650 -963 -318
-154 439 969
902 650 604
483 675 -276
998 135 -53
-792 -143 -441
-125 676 -985
-102 -742 -965
-922 -339 -726
266 -936 -786
-85 418 813
344 -82 -667
280 -89 395
925 116 -480
599 -602 161
-710 823 222
-611 610 -802
-519 560 339
-310 90 -548
-911 827 522
1000 338 -713
-343 448 -647
370 -860 244
-18 325 588
-4 -439 548
971 -590 -162
50
-480 -419 -644
-741 210 969
794 948 298
-129 -655 -58
-821 154 63
-319 146 -343
232 432 -280
-884 -486 -406
701 -616 -125
-998 432 258
663 937 142
-387 65 488
213 -764 -379
-266 116 869
120 -723 -159
-644 419 906
-940 278 -348
58 658 775
-295 -240 559
-894 629 -555
-134 -725 -866
-627 -862 336
802 -776 39
-872 -866 -122
796 323 -3
-163 567 -932
-293 -532 -558
-693 -264 937
980 -221 496
74 -527 -20
-734 396 362
-541 -615 -951
685 -282 -837
-49 -615 997
620 19 901
184 -609 853
-112 87 -411
-972 -174 -71
-63 326 -609
226 273 549
889 -557 962
-571 452 -74
617 -445 123
-386 -230 -985
-672 -256 -916
893 526 -17
-118 832 -908
-283 55 -545
724 357 928
-401 -995 -293
50
780 313 270
364 -793 847
765 -234 229
863 475 345
-633 687 -956
-836 284 -678
-763 -378 -189
-684 643 965
482 -562 -952
632 254 35
-472 172 776
143 -922 -347
-890 -211 52
-620 641 -897
-970 958 -697
-76 -275 572
-744 562 324
-923 -485 624
50 -734 457
697 -891 -415
-107 -177 -854
-427 -300 -138
-436 302 814
848 -854 -146
362 462 994
147 397 885
685 712 -632
-14 382 13
-810 557 184
-240 -648 796
-823 964 676
-687 -890 -701
345 -416 -624
-174 55 135
-122 -625 323
157 -784 830
-821 144 662
-31 870 -860
-792 312 397
-902 -969 89
-335 -444 617
-282 602 -530
7 402 -460
-194 -999 134
854 -159 -73
-319 465 -461
988 -599 529
-344 -680 -138
-49 -866 -975
520 183 76
50
-97 -244 -896
76 591 -542
38 577 736
-392 -162 -641
-988 -205 -662
264 630 -445
-410 278 901
640 -322 431
-57 824 -691
394 13 -797
853 809 -920
-995 447 -657
-660 73 793
147 -829 124
-788 209 149
-261 -301 319
722 356 -537
657 789 -717
613 -55 324
-724 -770 -245
-827 224 363
723 -87 249
146 -544 -974
507 82 -928
-472 222 -237
99 -796 -648
-723 -483 -966
587 174 968
-271 -731 -152
272 848 991
167 -79 -490
923 355 -47
355 -969 695
445 -851 -287
371 998 -581
629 428 63
-252 0 -214
432 -871 507
-238 -995 -877
-361 590 -54
777 -266 -170
263 524 218
813 916 955
-466 -244 -307
-469 758 100
-84 -392 -311
702 -231 656
959 -335 630
882 -223 -910
671 -159 101
50
3 6 -3
2 -2 0
-10 -4 4
-2 3 -4
-10 10 -1
-9 3 10
-6 -7 4
-3 -6 8
6 -10 0
-9 10 7
5 -8 5
-10 -7 3
6 6 -7
2 -8 -7
8 4 -1
0 9 0
1 -4 -10
8 2 -7
-5 10 10
1 6 -8
7 3 -6
6 4 7
1 -4 4
8 -4 3
-4 10 2
-6 10 -2
0 2 0
-3 -9 -8
9 -1 2
-7 0 -5
-8 -10 2
-7 7 7
0 1 5
-10 -1 7
-2 -5 -7
4 -8 2
-2 5 6
7 3 2
-6 -1 4
-9 1 -7
1 10 -10
3 9 -9
9 0 1
5 -9 -6
-7 4 -4
-9 1 -8
6 -6 -6
6 -2 -7
-8 8 -9
-7 1 -10
50
6 -8 3
-4 2 7
8 -3 -3
-6 5 7
-5 2 -7
-3 0 8
-7 -7 -8
-10 4 10
2 -6 -4
-4 -4 6
-6 -8 -5
-3 4 4
6 -10 6
-3 10 6
2 -2 -9
-3 -3 9
9 2 -9
-8 7 10
-2 -10 -8
-1 4 -9
-8 2 7
-7 8 2
9 0 0
3 -9 -10
-1 -3 -6
1 -2 -2
3 -4 1
1 0 -6
-9 -7 1
4 -6 2
-1 9 5
3 6 -10
-7 5 7
-10 -7 -6
8 2 8
-1 -9 -1
5 -9 3
-6 -9 -10
4 -4 5
-4 0 8
-2 5 -3
3 -10 6
4 -9 -6
-6 7 -3
-5 -7 -5
-4 -3 10
-6 -5 7
-1 5 9
-5 -7 2
-4 -9 7
50
5 7 3
2 -7 -5
-4 7 6
6 -1 -3
3 1 -4
-2 7 4
1 7 2
1 5 5
10 -7 -4
4 -9 -10
-4 2 -2
-7 -5 9
3 0 -9
6 -6 -1
9 6 2
-4 8 -9
9 -8 -6
4 -2 4
-4 -6 -7
-4 -2 -5
3 9 -4
4 5 -9
6 1 0
-1 -10 -6
-7 10 3
7 5 -6
-9 -6 3
-3 5 8
-8 -3 -8
3 1 0
2 3 3
6 6 -1
3 4 -2
4 2 4
10 -9 1
-5 10 4
9 2 10
-6 8 9
-7 1 7
-7 -5 9
-3 3 -8
2 -1 7
-8 -5 -3
-5 7 -4
0 -9 -10
-4 -1 -8
-3 6 -7
-4 1 -7
-8 -5 -7
-2 -8 0
50
-7 -4 9
-6 -3 -6
3 8 0
1 2 -1
-2 -5 8
-6 7 2
6 7 10
6 1 7
-1 2 -2
0 7 -6
-6 -5 -6
7 4 -7
6 -3 -8
5 4 2
-6 10 -2
-1 1 10
7 2 7
10 8 10
-3 -8 -1
2 4 1
10 2 7
10 -10 -9
-7 5 6
0 3 -9
-7 5 2
6 -4 -6
-4 -9 4
-9 1 8
-10 -7 -2
-2 6 10
1 -8 8
5 -5 6
9 7 8
-7 1 -2
-6 -4 0
-10 4 4
7 3 -10
7 7 -10
5 7 -2
9 10 -6
9 6 -3
4 5 2
10 5 7
-1 -1 -10
0 -2 -4
3 9 0
4 10 -2
-2 -3 6
-10 -4 1
-9 5 0
50
1 -7 -4
-3 7 9
-8 -4 3
-9 0 -7
1 -6 -9
3 5 8
0 -10 -5
6 -1 1
10 -7 -10
-4 -1 -5
9 7 4
8 2 -8
9 -2 -6
7 3 2
10 -1 8
10 -7 4
10 1 -4
-2 -4 -10
4 -3 -1
10 1 0
-7 6 7
0 -8 6
-10 -8 9
1 0 2
8 -3 5
9 -7 6
0 -8 -8
-3 10 0
4 10 0
3 -6 3
10 -4 -7
3 -8 2
-5 9 6
4 0 8
6 -8 -2
-8 4 2
-4 -10 8
2 -5 8
3 -6 -3
10 1 -10
6 -4 0
-1 9 -10
0 3 -3
7 -8 -7
-6 9 -1
7 5 -3
9 4 -6
9 0 7
2 -5 0
0 -10 -5
50
9 -3 6
3 -9 6
-7 3 6
-3 -10 -4
-10 -7 -4
0 10 -9
4 -9 5
0 10 -6
-9 -5 -8
4 0 5
1 7 -9
-3 10 3
6 6 0
4 -1 -5
-3 -4 4
-8 -2 2
6 7 2
2 5 10
3 1 6
-7 3 -5
-9 2 -8
-1 6 4
-2 -10 -10
10 -5 -6
-9 6 -6
1 8 6
3 -5 -4
-10 1 -9
3 -1 3
-7 -3 7
3 -10 6
-2 10 -1
-5 0 6
-6 8 2
0 9 -9
2 4 2
1 -3 -9
9 -2 -1
-8 -5 -6
-7 -3 -4
7 -4 4
0 5 -7
-4 7 -1
6 -5 -8
2 -5 -1
2 2 -3
-8 -7 7
4 10 -9
-8 -10 -5
-5 5 1
50
2 4 -3
3 -9 -10
-2 8 4
-6 6 -10
9 5 -4
10 -7 -8
2 -4 -4
-3 -5 6
4 7 1
-8 3 5
0 0 -5
1 7 -7
-2 4 10
1 -4 -8
4 9 -7
9 1 -10
-8 2 10
10 -9 -9
6 1 4
5 -9 10
4 1 -10
5 4 -7
2 -4 4
-1 -8 5
-5 -9 1
5 -2 6
-9 -2 2
1 9 -2
9 10 5
9 -3 2
-10 10 10
-2 -5 3
-2 6 5
-5 6 -6
-10 0 -4
4 -5 5
8 6 9
7 8 -3
2 7 2
10 -3 -6
3 6 0
-4 4 7
3 -1 -1
8 7 9
3 1 0
8 -1 10
-8 -7 7
-5 10 2
10 7 0
10 -5 -9
50
7 0 5
-10 -5 3
-6 3 7
7 -6 10
9 -5 7
-3 6 -10
5 9 -1
1 1 -9
0 7 -3
-9 2 2
-1 -9 5
8 -4 10
-2 3 1
2 -5 -8
5 4 8
1 -7 8
0 3 -3
-3 5 10
-7 5 10
0 -5 -4
-5 1 -10
-7 -8 -8
-9 7 6
9 -1 8
-9 -3 -2
1 2 -5
-7 -10 0
-6 -1 9
-4 -5 6
-8 1 -5
6 -8 -6
-1 -10 5
3 -1 6
-2 -6 6
-10 7 -10
-3 -1 8
-10 1 6
3 5 1
4 10 -5
-10 6 -10
-3 1 7
6 -8 1
6 9 -9
-9 1 -5
2 -4 3
-10 -8 9
2 -6 -10
4 -7 1
-5 6 -6
3 0 -5
50
-109 422 737
393 666 30
-982 -447 479
-515 430 -931
59 215 -207
-775 -98 969
-313 -794 214
-249 -226 -943
-147 -739 195
-658 -332 923
434 -788 -28
-691 279 -349
788 -62 506
-842 -682 -310
93 203 -946
867 165 659
-873 -70 758
273 576 156
29 -14 -147
733 -892 -515
-642 487 -459
-287 -743 -220
722 682 -784
-425 996 689
-359 7 886
314 1000 -266
289 901 -847
-135 257 894
252 -525 -669
-204 591 -12
-906 -439 -622
-746 -28 330
-929 -129 -834
-781 -82 -417
-711 528 -450
-293 -304 -193
646 -845 -861
-338 266 381
-971 -718 -157
-620 971 -716
893 733 -882
693 -653 -220
77 301 431
-294 -641 -725
-279 65 -282
35 -325 -259
-164 -11 271
-606 808 -206
496 880 -383
-94 53 294
50
-681 -745 -151
-934 442 -622
-750 -697 203
462 917 736
846 -662 -772
-624 -447 951
-726 237 168
-735 -604 645
610 668 410
616 390 -872
645 -490 788
105 -193 -595
906 879 77
164 138 67
856 -659 -152
-215 -280 -381
-164 623 -829
-756 -940 -224
-833 -751 -82
-379 -330 535
122 -690 867
935 -45 -32
-369 328 746
460 -749 -46
169 816 -328
-990 -934 63
329 -757 -372
786 -924 828
-115 108 442
762 567 -594
233 64 -250
813 -42 -635
-363 53 -910
-850 912 266
-616 794 -57
-161 455 250
-332 956 38
175 99 -824
744 702 364
22 809 787
200 -23 372
-931 419 647
769 729 -377
882 -681 493
154 660 461
-364 -133 264
648 -470 -114
-898 494 570
-75 -70 10
-28 -24 8
50
-191 308 791
-142 -771 -42
-254 10 -515
-156 -705 -213
354 170 787
-687 -531 -416
-780 -234 -598
-426 38 387
-514 122 -958
898 142 381
-824 803 -69
-253 -631 691
312 -839 851
-145 -25 302
-504 -892 951
-983 188 -417
529 -633 71
63 963 546
902 406 -526
-561 575 53
-27 9 -917
-596 134 12
-459 -312 -80
183 -881 385
-225 -166 -610
549 599 -573
-749 -414 -921
-28 549 -990
420 -257 -684
-906 16 -201
-862 464 -981
776 -109 -97
275 -484 929
-284 -981 62
693 -124 -455
410 -542 247
277 140 451
856 321 -304
314 472 -799
598 644 -376
-400 489 359
-791 407 -398
-445 -470 -95
-792 410 -872
-154 -985 858
-833 364 591
315 114 -156
-21 64 170
-26 -74 -96
31 69 76
50
219 993 46
166 -528 409
-763 -368 148
-244 940 -991
-331 993 -687
-194 50 -214
-763 141 -890
94 -838 685
847 -527 380
-408 627 -955
-353 -292 227
47 -256 -107
934 932 -173
-878 49 -336
781 -961 -748
-887 14 -403
922 -645 777
-926 402 -520
963 661 -565
441 86 477
-270 271 632
-217 -289 87
853 532 518
794 391 536
-262 43 492
-423 -719 124
-919 -322 297
-716 -524 621
798 968 -99
-748 186 266
363 -787 608
263 -240 802
-62 816 -614
-379 238 821
-592 692 -754
-690 -536 402
-510 -691 -548
160 906 -302
-10 -735 716
-747 183 -777
253 -803 393
-231 232 -658
25 -155 -212
-974 -859 827
-231 -680 394
878 -33 -569
-41 27 136
14 0 -28
-25 -80 -110
97 41 -112
50
866 -232 209
557 717 220
669 -941 -165
363 733 -944
-723 415 -930
-687 -811 -594
496 -403 285
998 821 -191
557 -570 -77
698 745 883
-243 -714 697
587 337 -374
-278 -817 -104
-555 910 -427
-238 -597 -953
200 603 -620
941 833 446
-305 523 -495
-570 -968 947
601 -943 -390
773 126 456
-226 352 955
-92 -538 539
-941 873 258
792 -621 490
10 800 386
51 964 -223
-416 -898 -640
-171 130 -698
-530 191 -697
442 -253 -915
-358 -780 453
267 630 613
774 -377 788
580 -385 -666
93 239 312
635 -496 515
-659 264 -900
-904 -769 -325
392 13 -283
310 654 -5
-574 158 -77
-456 -254 -190
-693 -471 162
-259 -413 -901
9 -90 -198
23 75 104
-31 -56 -50
82 89 14
45 -8 -106
50
-104 -210 -735
-546 900 -590
-103 490 -451
-893 -711 -70
-723 852 712
-282 694 26
21 -642 529
-798 308 740
262 -931 584
-500 237 953
615 554 850
-264 -622 338
447 814 809
-519 -727 234
786 -998 896
371 933 603
244 35 -823
-774 395 -579
918 640 -666
94 -389 502
-192 269 -149
209 642 -980
-680 837 -110
228 -68 810
-487 607 -872
-225 -38 -753
518 526 -435
714 -748 -836
831 -351 -131
-46 -163 -278
-382 54 -308
-223 -197 619
371 493 774
-948 -181 567
-720 -187 792
-903 -266 526
-199 -74 -802
648 489 489
-260 31 -217
232 85 -95
933 -346 -259
-400 -280 -807
-739 -721 326
873 675 631
-99 -13 172
11 -51 -124
32 -80 -224
-87 -56 62
7 -22 -58
-48 -6 84
50
-208 -518 834
-102 228 -416
459 434 -18
817 429 803
-528 -858 289
-928 -76 745
775 -605 705
566 -543 210
233 -845 -625
-398 -26 35
-822 -17 -397
-679 956 -585
-811 -706 -785
-844 892 428
451 -643 -99
-938 -54 467
-186 437 409
-304 -418 674
-414 139 -686
192 863 -128
-456 863 -645
805 455 -671
29 -626 47
-244 622 -356
360 -307 872
-737 -514 -144
622 -723 -859
771 -492 -560
652 92 -791
-371 -966 -75
729 794 -63
-152 287 829
11 100 -530
-539 -875 -710
46 32 -941
-878 -991 538
-62 304 -38
-988 980 -289
827 818 835
842 -380 316
-924 -135 -364
383 -227 627
841 -142 450
-55 -9 92
-79 -41 76
-21 37 116
94 72 -44
50 -63 -226
-63 44 214
24 -60 -168
50
777 925 -115
404 -268 372
333 650 86
-748 77 82
885 528 821
-777 154 -479
-209 -363 168
-397 -132 745
-316 101 475
558 -281 -598
-524 299 -249
-147 -9 -754
920 -978 645
-515 853 830
-46 -833 -523
-52 215 -203
564 257 -210
777 194 -190
499 732 -92
963 778 -847
-625 821 -506
665 -759 -154
-915 -760 -239
41 806 -667
154 279 142
847 -86 515
205 985 740
356 -465 184
-954 -931 193
740 -602 834
88 -412 -560
91 885 -492
-702 275 760
292 -204 952
-916 937 -429
432 588 655
115 -59 -510
-718 413 222
-1 75 86
-494 661 -141
-682 -218 523
973 273 422
-45 -23 44
91 -95 -372
19 -32 -102
93 11 -164
29 -5 -68
97 5 -184
-28 -9 38
71 72 2
50
-965 375 745
675 -91 -623
-783 -163 -8
32 -272 66
-243 -79 869
770 688 847
740 46 -914
682 -679 44
-935 -847 -458
834 -246 384
-501 -328 -721
351 746 -677
-991 810 7
-10 340 -431
425 -301 -216
337 693 303
-541 -233 -496
-340 -508 -667
12 607 231
529 719 779
-833 479 913
617 613 17
-233 600 694
688 6 16
-889 -974 113
938 -698 -814
952 421 -485
-99 824 -425
-488 526 -819
892 -927 184
-165 -962 -752
-164 -646 977
105 -682 -938
459 -975 460
-738 278 673
429 882 675
738 -760 314
-700 204 318
-282 660 -116
251 -844 953
696 -872 -330
-88 -17 142
-54 -47 14
-51 -51 0
86 -59 -290
75 -86 -322
96 4 -184
-5 -45 -80
85 -99 -368
-25 90 230
50
-201 77 -14
-428 731 -354
-966 451 -894
-914 314 -654
899 777 -432
-870 289 719
-25 -574 -482
-161 209 44
397 695 767
170 -672 -891
193 264 390
-226 -980 108
-957 -890 -686
-486 16 322
257 767 -962
-353 957 729
-722 -44 37
971 -817 360
-775 754 -931
827 -873 39
168 534 -675
-97 442 233
610 256 499
845 3 -930
-819 -508 914
546 -570 -308
424 681 -82
-784 -55 -629
-437 -157 -878
877 -200 526
-584 -482 -450
-822 -149 -970
-64 -924 -669
674 -571 563
60 926 -742
268 131 -521
475 43 528
-236 261 -506
450 -931 123
-85 -786 529
-90 89 358
-35 -96 -122
53 -45 -196
81 19 -124
4 -34 -76
38 27 -22
61 29 -64
-38 70 216
-24 83 214
-87 94 362
1
1 1 1
2
1 1 1
2 2 2
3
1 1 1
2 2 2
3 3 3
4
1 1 1
2 2 2
3 3 3
4 4 4
5
1 1 1
2 2 2
3 3 3
4 4 4
5 5 5
6
1 1 1
2 2 2
3 3 3
4 4 4
5 5 5
6 6 6
7
1 1 1
2 2 2
3 3 3
4 4 4
5 5 5
6 6 6
7 7 7
8
1 1 1
2 2 2
3 3 3
4 4 4
5 5 5
6 6 6
7 7 7
8 8 8
9
1 1 1
2 2 2
3 3 3
4 4 4
5 5 5
6 6 6
7 7 7
8 8 8
9 9 9
10
1 1 1
2 2 2
3 3 3
4 4 4
5 5 5
6 6 6
7 7 7
8 8 8
9 9 9
10 10 10

