13
1 13 10 3 2 9 5 10 11 7 12 4 5
14

10
853 20 155 466 761 627 122 390 183 394
873

13
479 102 479 9 114 50 131 32 143 54 538 486 394
581

15
67 93 58 4 2 38 68 150 72 38 37 158 32 107 133
160

19
5 6 11 7 4 1 2 11 4 9 11 8 9 11 8 11 6 1 8
11

13
480 296 345 30 456 150 451 447 344 503 280 57 79
776

9
838 92 876 360 567 601 575 686 803
930

6
375 63 412 301 32 95
438

7
492 253 558 659 69 629 408
745

2
142 745
887

2
12 491
503

21
116 668 144 270 85 782 122 526 782 163 162 95 22 744 120 472 769 624 556 355 588
784

15
832 10 355 51 450 151 686 615 454 114 249 437 234 792 148
842

10
275 581 771 105 526 241 288 677 16 25
856

21
513 91 316 137 475 386 343 433 145 193 353 467 162 202 304 299 305 197 116 238 259
604

16
103 538 593 369 348 577 366 546 78 372 282 348 591 276 622 126
641

13
276 457 60 53 328 81 12 605 77 239 613 415 247
733

11
17 110 41 92 87 127 44 60 127 40 9
127

12
425 16 215 360 74 125 142 75 209 143 426 73
441

20
97 689 685 689 508 70 750 608 467 627 324 681 675 580 171 673 82 388 726 750
786

5
216 129 247 149 208
345

18
22 44 29 25 63 41 26 19 8 21 11 45 29 13 60 14 64 61
66

13
42 89 29 46 45 90 29 33 48 54 89 81 55
131

15
270 12 67 243 120 41 86 158 249 182 199 206 275 246 225
282

4
35 31 54 46
66

13
39 179 109 100 87 118 159 43 24 191 162 140 25
218

5
821 115 586 744 24
936

10
49 40 87 88 31 52 4 33 81 31
89

10
147 366 143 251 460 486 133 255 180 430
513

10
334 16 3 135 110 192 174 345 30 314
350

2
106 142
248

6
110 118 158 118 225 94
228

6
467 78 153 20 494 76
545

15
29 130 86 105 147 42 70 56 49 49 98 110 92 40 146
159

17
13 475 222 149 399 131 70 247 210 104 297 416 450 119 277 183 141
488

8
177 688 713 240 439 747 42 35
865

2
238 264
502

9
152 225 202 298 169 3 1 272 367
377

6
395 319 682 518 685 84
714

18
759 102 310 177 362 165 697 486 104 225 399 144 182 511 165 651 67 459
861

15
194 375 49 287 38 207 422 82 165 7 404 544 257 555 188
569

14
157 181 17 333 132 97 153 210 20 328 253 48 327 49
338

14
252 515 313 558 132 709 761 351 37 225 71 153 165 245
767

6
80 104 69 87 124 55
184

15
630 191 287 485 524 347 161 512 614 445 345 170 358 233 277
821

20
22 138 57 138 137 107 71 61 2 20 25 80 31 127 113 90 148 136 54 69
160

7
180 125 95 161 60 207 235
305

5
138 24 32 73 33
162


