83
10
90
100
95
1000
87
10000
91
100000
95
1000000
86
10000000
81
100000000
93
1000000000
90
10000000000
83
100000000000
93
1000000000000
96
10000000000000
95
100000000000000
86
1000000000000000
84
10000000000000000
93
100000000000000000
80
1000000000000000000
90
10000000000000000000
89
100000000000000000000
90
1000000000000000000000
80
10000000000000000000000
87
100000000000000000000000
81
1000000000000000000000000
97
10000000000000000000000000
98
100000000000000000000000000
89
1000000000000000000000000000
98
10000000000000000000000000000
98
100000000000000000000000000000
97
1000000000000000000000000000000
80
10000000000000000000000000000000
90
100000000000000000000000000000000
83
1000000000000000000000000000000000
98
10000000000000000000000000000000000
93
100000000000000000000000000000000000
98
1000000000000000000000000000000000000
91
10000000000000000000000000000000000000
85
100000000000000000000000000000000000000
83
1000000000000000000000000000000000000000
84
10000000000000000000000000000000000000000
97
100000000000000000000000000000000000000000
96
1000000000000000000000000000000000000000000
85
10000000000000000000000000000000000000000000
90
100000000000000000000000000000000000000000000
98
1000000000000000000000000000000000000000000000
96
10000000000000000000000000000000000000000000000
99
100000000000000000000000000000000000000000000000
96
1000000000000000000000000000000000000000000000000
92
10000000000000000000000000000000000000000000000000
81
100000000000000000000000000000000000000000000000000
99
1000000000000000000000000000000000000000000000000000
97
10000000000000000000000000000000000000000000000000000
92
100000000000000000000000000000000000000000000000000000
96
1000000000000000000000000000000000000000000000000000000
91
10000000000000000000000000000000000000000000000000000000
89
100000000000000000000000000000000000000000000000000000000
94
1000000000000000000000000000000000000000000000000000000000
95
10000000000000000000000000000000000000000000000000000000000
84
100000000000000000000000000000000000000000000000000000000000
85
1000000000000000000000000000000000000000000000000000000000000
83
10000000000000000000000000000000000000000000000000000000000000
89
100000000000000000000000000000000000000000000000000000000000000
93
1000000000000000000000000000000000000000000000000000000000000000
99
10000000000000000000000000000000000000000000000000000000000000000
92
100000000000000000000000000000000000000000000000000000000000000000
83
1000000000000000000000000000000000000000000000000000000000000000000
83
10000000000000000000000000000000000000000000000000000000000000000000
92
100000000000000000000000000000000000000000000000000000000000000000000
85
1000000000000000000000000000000000000000000000000000000000000000000000
97
10000000000000000000000000000000000000000000000000000000000000000000000
87
100000000000000000000000000000000000000000000000000000000000000000000000
87
1000000000000000000000000000000000000000000000000000000000000000000000000
92
10000000000000000000000000000000000000000000000000000000000000000000000000
89
100000000000000000000000000000000000000000000000000000000000000000000000000
99
1000000000000000000000000000000000000000000000000000000000000000000000000000
92
10000000000000000000000000000000000000000000000000000000000000000000000000000
84
100000000000000000000000000000000000000000000000000000000000000000000000000000
93
1000000000000000000000000000000000000000000000000000000000000000000000000000000
89
10000000000000000000000000000000000000000000000000000000000000000000000000000000
89
100000000000000000000000000000000000000000000000000000000000000000000000000000000
84
1000000000000000000000000000000000000000000000000000000000000000000000000000000000
99
10000000000000000000000000000000000000000000000000000000000000000000000000000000000
94
100000000000000000000000000000000000000000000000000000000000000000000000000000000000
96
1000000000000000000000000000000000000000000000000000000000000000000000000000000000000
96
10000000000000000000000000000000000000000000000000000000000000000000000000000000000000
82
100000000000000000000000000000000000000000000000000000000000000000000000000000000000000
97
1000000000000000000000000000000000000000000000000000000000000000000000000000000000000000
85
10000000000000000000000000000000000000000000000000000000000000000000000000000000000000000
94
100000000000000000000000000000000000000000000000000000000000000000000000000000000000000000
94
1000000000000000000000000000000000000000000000000000000000000000000000000000000000000000000
90
10000000000000000000000000000000000000000000000000000000000000000000000000000000000000000000
81
100000000000000000000000000000000000000000000000000000000000000000000000000000000000000000000
92
1000000000000000000000000000000000000000000000000000000000000000000000000000000000000000000000
81
10000000000000000000000000000000000000000000000000000000000000000000000000000000000000000000000
82
100000000000000000000000000000000000000000000000000000000000000000000000000000000000000000000000
95
1000000000000000000000000000000000000000000000000000000000000000000000000000000000000000000000000
81
10000000000000000000000000000000000000000000000000000000000000000000000000000000000000000000000000
88
100000000000000000000000000000000000000000000000000000000000000000000000000000000000000000000000000
84
1000000000000000000000000000000000000000000000000000000000000000000000000000000000000000000000000000
81
10000000000000000000000000000000000000000000000000000000000000000000000000000000000000000000000000000

